71
48
355
331
110
274
436
238
93
229
234
343
263
408
433
209
71
480
142
392
188
441
301
239
37
278
4
338
41
164
361
461
282
393
489
345
174
352
439
463
135
412
21
103
360
165
442
87
256
161
347
473
354
370
311
16
89
170
90
390
221
420
152
135
267
391
7
376
264
102
366
466
140
488
39
55
134
225
279
283
140
242
157
259
135
396
367
347
128
29
165
298
249
332
106
390
66
142
183
198
295
206
22
488
496
378
440
431
83
349
147
333
320
479
388
438
223
184
403
147
393
223
392
267
142
382
180
498
172
33
462
413
139
354
303
483
60
376
308
29
200
471
241
96
14
203
26
93
69
295
147
151
64
54
197
341
39
77
130
164
104
395
440
54
262
248
221
21
399
458
26
400
490
287
355
103
119
425
94
345
105
194
354
19
401
309
465
470
359
128
456
380
360
199
312
413
153
365
224
137
304
385
60
141
346
456
364
478
254
257
432
248
114
149
169
308
444
292
173
52
259
232
250
461
334
24
128
82
436
396
491
463
463
484
424
387
314
142
115
14
256
487
444
415
299
194
275
163
327
26
347
82
386
95
304
206
364
4
425
188
195
227
394
280
462
12
461
241
242
216
227
164
98
439
49
437
289
288
424
446
253
352
373
498
94
284
54
245
401
44
152
50
493
408
78
387
404
339
472
430
320
181
151
456
190
166
392
298
257
397
97
189
48
295
112
420
163
433
367
294
335
107
466
113
205
457
116
435
495
478
27
140
129
426
45
444
282
467
47
132
103
42
28
409
383
258
472
173
446
41
46
143
290
437
241
166
386
31
88
426
375
462
397
203
91
483
11
37
450
140
147
114
458
143
270
261
291
260
261
20
332
47
252
198
246
118
261
475
309
240
84
223
420
405
230
51
473
337
131
10
403
423
269
159
162
90
419
350
42
217
285
203
155
127
211
206
32
423
346
400
23
13
229
371
453
320
113
466
79
366
420
311
69
477
123
316
141
333
318
107
6
99
491
105
430
24
335
149
99
34
176
322
147
41
317
207
184
113
314
497
395
174
91
290
386
96
205
77
299
449
189
307
34
418
116
203
494
130
15
454
183
60
138
87
336
74
457
222
464
405
142
153
77
253
214
201
465
29
230
429
